00 00 00 00 00 00 00 00
00 00 00 00 00 00 00 00

c0 d7 ff ff ff 7f 00 00
1c 09 40 00 00 00 00 00
20 00 00 00 00 00 00 00
2c 00 00 00 00 00 00 00
69 00 00 00 00 00 00 00
48 00 00 00 00 00 00 00
a8 20 60 00 00 00 00 00
9a 08 40 00 00 00 00 00

1c 09 40 00 00 00 00 00
32 00 00 00 00 00 00 00
31 00 00 00 00 00 00 00
34 00 00 00 00 00 00 00
32 00 00 00 00 00 00 00
ac 20 60 00 00 00 00 00
9a 08 40 00 00 00 00 00

1c 09 40 00 00 00 00 00
37 00 00 00 00 00 00 00
30 00 00 00 00 00 00 00
30 00 00 00 00 00 00 00
32 00 00 00 00 00 00 00
b0 20 60 00 00 00 00 00
9a 08 40 00 00 00 00 00

1c 09 40 00 00 00 00 00
31 00 00 00 00 00 00 00
00 00 00 00 00 00 00 00
00 00 00 00 00 00 00 00
31 00 00 00 00 00 00 00
b4 20 60 00 00 00 00 00
9a 08 40 00 00 00 00 00



70 09 40 00 00 00 00 00